16
0 42 18 35 1 20 25 29 9 13 15 6 46 32 28 12 
42 0 46 43 28 37 42 5 3 4 43 33 22 17 19 46 
48 27 0 22 39 20 13 18 10000000 36 45 4 12 23 34 24 
15 42 12 0 4 19 48 45 13 8 38 10 24 42 30 29 
17 36 41 43 0 39 7 41 43 15 49 47 6 41 30 21 
1 7 2 44 49 0 30 24 35 5 7 41 17 27 32 9 
45 40 27 24 38 39 0 19 33 30 42 34 16 40 9 5 
31 28 7 24 37 22 46 0 25 23 21 30 28 24 48 13 
37 41 12 37 6 18 6 25 0 32 3 1 1 42 25 17 
31 8 42 8 38 8 38 4 34 0 46 10 10 9 22 39 
23 47 7 31 14 19 1 42 13 6 0 11 10 25 38 49 
34 46 42 3 1 42 37 25 21 47 22 0 49 10000000 19 35 
32 35 4 10000000 19 39 1 39 28 18 29 44 0 49 34 8 
22 11 18 14 15 10 17 36 2 1 10000000 20 7 0 49 4 
25 9 45 10 40 3 46 36 44 44 24 38 15 4 0 49 
1 9 19 31 47 49 32 40 49 10 8 23 23 39 43 0 
